# blastn
# Iteration: 0
# Query: A01592.1 Human haemoglobin A beta chain.
# RID: U023EU73013
# Database: nt
# Fields: query acc.ver, subject acc.ver, % identity, alignment length, mismatches, gap opens, q. start, q. end, s. start, s. end, evalue, bit score
# 100 hits found
A01592.1	XM_003819029.3	100.000	438	0	0	1	438	72	509	0.0	809
A01592.1	XM_508242.4	100.000	438	0	0	1	438	174	611	0.0	809
A01592.1	CR541913.1	100.000	438	0	0	1	438	4	441	0.0	809
A01592.1	CR536530.1	100.000	438	0	0	1	438	4	441	0.0	809
A01592.1	AY894014.1	100.000	438	0	0	1	438	4	441	0.0	809
A01592.1	NM_000518.5	99.772	438	1	0	1	438	54	491	0.0	804
A01592.1	LT736709.1	99.772	438	1	0	1	438	491	928	0.0	804
A01592.1	LT548096.1	99.772	438	1	0	1	438	4	441	0.0	804
A01592.1	KJ896959.1	99.772	438	1	0	1	438	69	506	0.0	804
A01592.1	AK311825.1	99.772	438	1	0	1	438	54	491	0.0	804
A01592.1	DQ896453.2	99.772	438	1	0	1	438	26	463	0.0	804
A01592.1	DQ893159.2	99.772	438	1	0	1	438	26	463	0.0	804
A01592.1	AM393351.1	99.772	438	1	0	1	438	24	461	0.0	804
A01592.1	BC007075.1	99.772	438	1	0	1	438	55	492	0.0	804
A01592.1	AY890157.1	99.772	438	1	0	1	438	4	441	0.0	804
A01592.1	AY892640.1	99.772	438	1	0	1	438	4	441	0.0	804
A01592.1	AF117710.1	99.772	438	1	0	1	438	34	471	0.0	804
A01592.1	XM_019036164.1	99.543	438	2	0	1	438	179	616	0.0	798
A01592.1	KR710229.1	99.543	438	2	0	1	438	69	506	0.0	798
A01592.1	KR710228.1	99.543	438	2	0	1	438	69	506	0.0	798
A01592.1	KR710227.1	99.543	438	2	0	1	438	69	506	0.0	798
A01592.1	KR710226.1	99.543	438	2	0	1	438	69	506	0.0	798
A01592.1	AY136510.1	99.543	438	2	0	1	438	4	441	0.0	798
A01592.1	AF349114.1	99.543	438	2	0	1	438	39	476	0.0	798
A01592.1	V00497.1	99.543	438	2	0	1	438	54	491	0.0	798
A01592.1	AF181989.1	99.543	438	2	0	1	438	37	474	0.0	798
A01592.1	AY509193.1	99.315	438	3	0	1	438	54	491	0.0	793
A01592.1	EU694432.1	99.315	438	0	1	1	438	54	488	0.0	789
A01592.1	MH382900.1	98.630	438	6	0	1	438	4	441	0.0	776
A01592.1	V00500.1	98.174	438	8	0	1	438	4	441	0.0	776
A01592.1	M25113.1	98.174	438	8	0	1	438	4	441	0.0	774
A01592.1	XM_002822127.4	98.402	438	7	0	1	438	54	491	0.0	771
A01592.1	LT548116.1	98.402	438	7	0	1	438	4	441	0.0	771
A01592.1	XM_004090649.3	98.178	439	6	2	1	438	179	616	0.0	765
A01592.1	XM_032166808.1	97.945	438	9	0	1	438	179	616	0.0	760
A01592.1	XM_033207068.1	97.039	439	11	2	1	438	174	611	0.0	737
A01592.1	XM_010363344.2	96.811	439	12	2	1	438	174	611	0.0	732
A01592.1	MH382906.1	96.811	439	12	2	1	438	4	441	0.0	732
A01592.1	MH382898.1	96.811	439	12	2	1	438	4	441	0.0	732
A01592.1	XM_017861621.1	96.811	439	12	2	1	438	174	611	0.0	732
A01592.1	NM_001329918.1	96.811	439	12	2	1	438	44	481	0.0	732
A01592.1	XM_011963601.1	96.811	439	12	2	1	438	179	616	0.0	732
A01592.1	MH382901.1	96.583	439	13	2	1	438	4	441	0.0	726
A01592.1	MH382902.1	96.128	439	15	2	1	438	4	441	0.0	715
A01592.1	XM_023209613.1	95.900	439	16	2	1	438	174	611	0.0	710
A01592.1	XM_011975168.1	95.890	438	18	0	1	438	48	485	0.0	710
A01592.1	XM_011975167.1	95.890	438	18	0	1	438	179	616	0.0	710
A01592.1	NM_001164428.1	95.900	439	16	2	1	438	13	450	0.0	710
A01592.1	AF181832.1	99.740	384	1	0	55	438	1	384	0.0	704
A01592.1	LT548128.1	95.444	439	18	2	1	438	4	441	0.0	699
A01592.1	XM_011718821.1	95.444	439	18	2	1	438	174	611	0.0	699
A01592.1	NM_001305959.1	95.444	439	18	2	1	438	4	441	0.0	699
A01592.1	AB171600.1	95.444	439	18	2	1	438	54	491	0.0	699
A01592.1	MH382896.1	95.216	439	19	2	1	438	4	441	0.0	693
A01592.1	NM_001168847.1	95.216	439	19	2	1	438	4	441	0.0	693
A01592.1	MH382905.1	94.989	439	20	2	1	438	4	441	0.0	688
A01592.1	MH382904.1	94.989	439	20	2	1	438	4	441	0.0	688
A01592.1	MH382897.1	94.989	439	20	2	1	438	4	441	0.0	688
A01592.1	XM_025358026.1	94.989	439	20	2	1	438	179	616	0.0	688
A01592.1	XM_012456809.1	94.989	439	20	2	1	438	174	611	0.0	688
A01592.1	MH382899.1	94.761	439	21	2	1	438	4	441	0.0	682
A01592.1	MH382895.1	94.761	439	21	2	1	438	4	441	0.0	682
A01592.1	MH382903.1	94.533	439	22	2	1	438	4	441	0.0	676
A01592.1	XM_032240524.1	94.253	435	23	2	1	434	104	537	0.0	664
A01592.1	LT548136.1	93.850	439	25	2	1	438	4	441	0.0	660
A01592.1	XM_002754891.3	93.850	439	25	2	1	438	170	607	0.0	660
A01592.1	XM_032166807.1	94.023	435	24	2	1	434	219	652	0.0	658
A01592.1	XM_003254822.3	94.023	435	24	2	1	434	199	632	0.0	658
A01592.1	LT548122.1	94.023	435	24	2	1	434	4	437	0.0	658
A01592.1	XM_017507286.1	94.023	435	24	2	1	434	104	537	0.0	658
A01592.1	XM_003923369.2	93.394	439	27	2	1	438	179	616	0.0	649
A01592.1	XM_019036165.2	93.333	435	27	2	1	434	199	632	1.39e-179	641
A01592.1	NM_000519.4	93.333	435	27	2	1	434	54	487	1.39e-179	641
A01592.1	XM_023209614.1	93.333	435	27	2	1	434	219	652	1.39e-179	641
A01592.1	LT548097.1	93.333	435	27	2	1	434	4	437	1.39e-179	641
A01592.1	XM_017861624.1	93.333	435	27	2	1	434	48	481	1.39e-179	641
A01592.1	XM_011963602.1	93.333	435	27	2	1	434	199	632	1.39e-179	641
A01592.1	HQ448433.1	93.333	435	27	2	1	434	54	487	1.39e-179	641
A01592.1	AY034468.1	93.333	435	27	2	1	434	199	632	1.39e-179	641
A01592.1	BC070282.1	93.333	435	27	2	1	434	55	488	1.39e-179	641
A01592.1	BC069307.1	93.333	435	27	2	1	434	54	487	1.39e-179	641
A01592.1	M25079.1	91.211	421	37	0	18	438	21	441	4.99e-179	640
A01592.1	XM_010363345.2	93.103	435	28	2	1	434	199	632	6.45e-178	636
A01592.1	LT548109.1	93.103	435	28	2	1	434	4	437	6.45e-178	636
A01592.1	XM_001162045.3	93.103	435	28	2	1	434	214	647	6.45e-178	636
A01592.1	XM_003819031.2	93.103	435	28	2	1	434	199	632	6.45e-178	636
A01592.1	XM_002822129.4	92.874	435	29	2	1	434	233	666	3.00e-176	630
A01592.1	LT548117.1	92.874	435	29	2	1	434	4	437	3.00e-176	630
A01592.1	XM_012456810.1	92.874	435	29	2	1	434	215	648	3.00e-176	630
A01592.1	XM_003923370.3	92.824	432	29	2	1	431	205	635	1.40e-174	625
A01592.1	XM_032240525.1	91.724	435	34	2	1	434	215	648	6.54e-168	603
A01592.1	LT548137.1	91.724	435	34	2	1	434	4	437	6.54e-168	603
A01592.1	XM_017507287.2	91.724	435	34	2	1	434	203	636	6.54e-168	603
A01592.1	XM_002754892.4	91.724	435	34	2	1	434	211	644	6.54e-168	603
A01592.1	XM_025358028.1	91.686	433	34	2	1	432	41	472	8.47e-167	599
A01592.1	XM_012045150.1	91.494	435	35	2	1	434	459	892	3.04e-166	597
A01592.1	XM_038005528.1	91.494	435	35	2	1	434	19	452	3.04e-166	597
A01592.1	XM_033207074.1	91.284	436	35	3	1	434	219	653	1.42e-164	592
A01592.1	XM_011975164.1	91.264	435	36	2	1	434	219	652	1.42e-164	592
A01592.1	XM_015115061.2	91.034	435	37	2	1	434	471	904	6.59e-163	586


